Sync Send,Sync Received,Started Probing,Difference Start
4.488020342,4.494032576,4.663939780,0.027362637
4.682648994,4.690664793,4.691302417
4.319063611,4.325071750,4.482229611,0.018928876
4.492525582,4.500534954,4.501158487
4.399848244,4.405860933,4.567123068,0.02339262
4.581696199,4.589711121,4.590515688
4.345914553,4.351924390,4.501897227,0.023128098
4.516503876,4.524515524,4.525025325
4.368865671,4.374873357,4.530819617,0.024487047
4.546851185,4.554860664,4.555306664
,,,0.117299278
,,,0.023459856